200
11 -39 15
3 3
-19 -20 29
25 36 21
21 19
13 1 26
1 5 -48
5 5
32 5 -38
-8 -2 -15
-12 15
-5 7 -31
-25 14 -11
-6 6
23 19 -10
16 1 35
-6 -8
-4 40 2
-32 15 22
-34 5
3 3 34
17 19 13
-12 42
20 -7 -21
-21 -11 20
-13 43
13 -16 4
-13 11 18
2 -2
15 11 9
1 12 18
-9 -10
-7 25 30
4 10 4
4 10
10 4 10
-3 -3 -3
-3 -3
-3 -3 -3
35 19 -1
10 -31
-23 26 -11
27 3 -6
24 -18
5 1 8
39 -43 -14
-1 14
-6 8 -22
-28 -28 -28
-16 2
-28 -28 -28
32 8 4
-2 -3
-9 -20 -21
1 1 1
1 1
1 1 1
42 1 18
42 42
26 -44 42
-37 -28 -16
-2 22
0 -8 0
27 -33 43
-13 -38
29 4 -28
29 -24 39
-7 -2
-2 27 28
-22 -18 -4
-25 -25
-15 15 34
37 -34 -29
1 28
-11 -2 26
-27 -42 38
38 38
38 -25 41
44 2 -2
-4 11
7 12 7
-2 -3 5
3 -18
-5 17 26
46 14 14
-43 -2
14 14 20
29 10 27
32 1
13 9 -3
1 7 1
1 7
7 1 7
3 10 42
35 9
2 39 0
-50 -50 -50
-50 -50
-50 -50 -50
13 22 13
0 3
3 8 -10
4 2 0
4 23
20 -13 12
1 10 1
2 5
7 5 7
-13 -20 2
33 27
-20 3 4
-25 -27 6
-5 -5
1 -23 30
-5 -4 15
21 0
22 -34 23
-27 -28 0
-17 -5
16 -28 4
37 38 20
-4 3
10 9 -8
11 -8 3
25 -40
43 -2 6
22 9 -25
-21 -16
-5 1 11
-39 14 21
13 8
0 16 -6
43 43 35
-39 12
-42 43 43
-20 7 14
19 -38
11 -5 -41
36 -38 -15
-13 -17
26 -38 -19
50 50 50
50 50
50 50 50
16 -2 20
-15 8
1 -8 22
-11 22 -15
-21 -2
-19 -3 14
10 20 30
15 35
21 30 40
-29 18 8
-13 6
-12 -11 -24
29 2 2
2 2
2 2 -20
-20 16 21
-12 1
5 -21 14
10 -26 -1
1 -2
-8 -19 -20
-14 -18 -32
41 4
-6 -3 16
-7 -18 -2
-3 9
13 26 -5
25 -30 12
-20 -34
-33 7 -4
12 16 7
10 -23
1 41 -24
7 25 -5
18 22
25 12 42
6 -18 -6
9 -2
-4 -3 0
-11 33 -3
-5 28
5 11 -23
10 15 16
29 23
-5 -1 -33
50 9 17
7 -9
46 1 50
-15 -17 -4
-4 9
21 3 -20
-25 -8 -33
25 -7
8 12 0
-28 -1 -18
-20 -6
12 4 8
11 13 11
-4 -11
4 -21 45
44 -34 25
4 1
5 -4 33
-30 -26 -26
-2 28
28 31 47
-20 28 18
-11 -18
17 -2 -4
-4 -50 1
17 -15
-11 9 11
-35 35 -35
7 7
-48 44 -8
13 47 13
13 13
13 41 13
-2 1 -2
-33 41
8 -5 5
0 0 0
0 0
0 0 0
5 10 21
4 20
10 20 26
18 3 7
17 -28
-2 0 19
-1 -1 -1
-1 -1
-1 -1 -1
-21 -50 -47
-10 -45
-46 -10 -17
-34 -34 -49
-34 -34
-1 -34 -34
6 25 32
12 -24
-15 -15 -7
2 -2 38
-12 -17
-19 -6 45
24 0 -18
8 -26
18 0 1
2 -14 -6
-1 -22
0 0 18
1 10 1
1 7
7 5 7
0 -6 3
-26 35
8 -11 17
1 10 2
2 4
7 5 7
9 -47 -38
19 36
-38 -4 -40
-8 -41 8
13 18
17 5 1
-3 -1 13
3 -28
44 10 0
0 49 -21
7 30
-45 4 26
10 -19 -9
8 21
-15 -2 -2
15 -32 15
20 22
15 -33 15
-10 -42 30
-2 -22
33 3 2
-35 0 10
10 -17
0 -29 -2
-3 15 -6
26 0
-13 37 28
-14 -6 -16
20 -27
-11 -27 -3
-16 7 9
-30 19
-25 -6 -4
1 3 5
50 50
3 5 7
100000050 100000009 100000017
100000007 99999991
100000046 100000001 100000050
413436495 214427921 783025879
130569445 25804917
275218003 154508388 82329217
0 0 0
0 0
0 0 0
-142300163 -883866279 -95759065
-40791927 -441917935
-160084899 76637419 -475539261
-498658643 -812217385 880322194
880322194 880322194
880322194 -458896950 943590040
258706092 -930469913 -735212513
476872113 829992161
-735212513 -9016011 -785534053
-638674648 -638674648 -973815325
-638674648 -638674648
59138271 -638674648 -638674648
329700602 321074927 660465406
41936196 442044364
206514347 171064601 176057922
-421912855 292212387 491160642
-94481654 28233381
120682317 -300926496 412361834
-233863775 534839433 -94844912
-423325500 125053550
-270673877 35088382 605948276
83258935 -806598126 721411824
50614917 105867384
-364798174 -407316206 310728821
100000001 100000003 100000005
100000050 100000050
100000003 100000005 100000007
-109188740 -57639824 -683979298
696287069 -137897964
175081321 343125623 -2829965
595884680 -611082850 440235204
-251726770 -789656449
674633535 249298416 -549121348
442077115 469758138 339529098
-185942945 974855850
505006695 -73706319 -370074834
682051128 120019588 120019588
120019588 120019588
120019588 120019588 -351932112
-578604348 376650767 376650767
-843334278 22482133
376650767 376650767 498970433
593373166 -613837625 -598881302
-474299767 -518884046
-231161308 11236771 247215620
-8362359 18839985 381971303
-284566186 10784099
427698166 -607538955 508926081
761175318 245084736 154608994
27809662 11770880
-107431741 -345127473 -369982777
-735770068 -533534448 -238716104
-25451004 506725555
229580178 -76563870 13061989
427885127 211507992 131258054
388615115 -549184172
-36987076 97500218 237443982
506660393 712974636 788118033
-79128327 83025259
250237716 -7746138 -163050619
-475453822 445172055 -234376568
-31428821 121251139
240028678 577313826 -210427873
624277765 137928455 331392066
588777698 -332234656
111914510 137904841 194084685
-539630275 -28576076 -319302425
-404140288 -101026668
237409784 129592458 241212620
852965730 -883309511 -242340359
237232964 426592389
-116212111 201616896 -378388588
-57811641 -211756970 -98619762
-14076575 -392382211
52531016 71111287 -651810886
974959789 95098267 458285261
974959789 974959789
630075736 -863556725 974959789
540555573 107567712 -527028209
-419306602 -291235962
-34951368 111982316 238835403
1 1 1
1 1
1 1 1
99999966 99999966 99999951
99999966 99999966
99999999 99999966 99999966
-1000000000 -1000000000 -1000000000
-1000000000 -1000000000
-1000000000 -1000000000 -1000000000
213907349 788448185 472714386
134488745 349011302
-107964031 -339060 151246395
99999972 99999972 99999972
99999984 100000002
99999972 99999972 99999972
11046470 11046470 11046470
11046470 11046470
11046470 11046470 11046470
-235899045 -507176271 322069843
-352000839 -75670893
478891010 -578762229 165979744
-515862957 -515862957 -515862957
-268477345 122061367
-515862957 -515862957 -515862957
-114073355 -357009100 -34125614
430238192 208998259
273919974 555459399 115385969
-518708789 -320203936 -188107091
179500240 451418690
-158369846 10945105 193905368
669042344 42639865 110827769
233625597 -523675392
464395212 77528632 62403676
104225334 158151394 -363644366
220025005 170149257
-492347091 78766417 545301026
348279150 135716223 803680446
-90072064 -93761190
-96574925 301685334 85508053
-786475413 462102054 100605672
455569408 207813017
7358849 378091639 41734357
834527381 -732676694 -246458159
-192085445 -290093988
630833824 -732676694 -324197517
-410066339 230637594 281339553
457115890 -742714182
319592478 -93871166 -823470883
608016832 -151481634 268296263
-645880522 -782970493
189312136 -30011053 353601841
1000000000 1000000000 1000000000
1000000000 1000000000
1000000000 1000000000 1000000000
258153548 -539676100 -8502285
292224392 -14891037
57902316 -391203772 -408280558
-204429612 -321214252 -63393773
-459902005 -512256879
221797555 297517544 828020208
100000029 99999976 100000039
99999993 99999998
99999998 100000027 100000028
-611334541 618227658 178577157
275182386 -29923819
40055203 -664440211 -478219428
532727681 770981933 438428153
442822739 393556755
272573535 9168667 537006077
-406123922 655055586 138745549
-212048451 -215173659
383794527 -27585946 -60754579
100000004 100000010 100000004
100000004 100000010
100000010 100000004 100000010
-279209551 53239738 16084896
458751324 -463842937
-229499691 -557132562 -50951926
-139563373 90291251 11819184
555944725 475595209
425467878 -150843995 365686629
385550280 -609370214 385550280
504392248 536594284
385550280 -628505559 385550280
152618885 449442183 -92665482
409318475 -286825368
599743219 371264510 233801921
100000001 100000010 100000001
100000002 100000005
100000007 100000005 100000007
100000001 100000007 100000001
100000001 100000007
100000007 100000001 100000007
-202101949 216585056 758751379
75775576 -29578756
427252629 297561220 209402405
100000010 100000020 100000030
100000015 100000035
100000021 100000030 100000040
995307402 995307402 807954291
-762288986 334158342
-811898463 995307402 995307402
-287132668 -346861448 -642681282
-356312894 188230711
-77204492 -45250524 -227670590
-502059027 -171008294 196578172
341994406 -83050866
-345803042 -467698487 128165987
-558352556 -478121550 -475783929
37384770 658541707
665965502 725256109 886363554
136370547 -914239816 5088792
277228377 -433705247
-308105540 -314707529 -80503109
845320263 479060566 61482193
225164712 -631564406
-471418099 565356679 -90139480
-619128046 -718114616 722758702
87208240 420846982
147214336 77617134 561257939
-360757052 -988230844 -924547499
-133013596 -871728903
-904941029 -133220597 -277345262
-109407374 -204205906 -60199525
-95656722 235793172
461252096 80163609 -343887220
-674854356 135337820 477576705
-692473715 122370258
106824524 91700658 880566070
223291336 351909784 256381121
-56020680 -231052248
90340899 -401253432 -11086508
-32327502 416014181 -44007256
-414187445 362343716
-240415223 728025427 226638104
-13989351 -40786777 107326075
-475996392 732648421
181211377 -219946239 442260421
100000001 100000005 99999952
100000005 100000005
100000032 100000005 99999962
343917604 469451414 343917604
343917604 343917604
343917604 950928832 343917604
-18557851 714424175 87887068
-67369553 737561419
337109009 259003367 -423519551
-433256047 99750983 -45844517
2755442 249845195
144772303 256787325 253368807
-672962709 818980841 -675608977
219680543 219680543
-956987083 -238958796 -89170718
100000001 100000010 100000001
100000001 100000007
100000007 100000005 100000007
92321053 190375415 -944745816
190375415 190375415
763231394 190375415 -743995349
384243421 -15675740 493122642
-167291511 -115780311
121966200 -116360463 501205890
88018328 319028720 24192961
-310725844 190559598
40224608 229521004 -673288396
2068439 24101518 -18466480
-702067286 258272178
570261953 -12636997 134023684
-14537617 -26870677 521561139
202156165 -378706984
-70839155 -555511103 651236832
43326724 283058340 439302067
-73050674 -191285203
115611751 -280993726 -167496880
100000001 100000010 100000002
100000002 100000004
100000007 100000005 100000007
-150809820 -21824551 -477923579
-243971936 368928545
12275981 162136112 -514114495
-91172227 -168291379 565324414
-267296707 421648813
304363102 -293258807 93042877
-12255330 -8240509 352360374
439006644 -545330774
225427631 264398451 41511527
100000005 100000010 100000021
100000004 100000020
100000010 100000020 100000026
238511756 -55558255 964533922
-198554143 -228318438
-124291763 -102518709 903987425
-193833007 -417855808 46420165
764082275 346261269
-384578419 136182929 38283816
-679315961 74487870 242709145
313409281 -333502378
91358312 -569232955 -24561625
-83338451 -543272055 266432239
-418598480 -414582040
-681756077 234587113 -43022305
-244292965 267453785 428639770
216094100 -119586946
708202468 90056213 -244292965
-308657218 153776857 108281069
-600646441 444462687
-524067558 -24712085 -84492335
-1 -1 -1
-1 -1
-1 -1 -1