200
4
(39, -5, -16)
(33, 40, 34)
(-45, 50, -48)
(-49, 44, -10)
3
(35, -26, 30)
(3, 47, -23)
(19, 42, 1)
3
(12, 31, 1)
(-43, 45, 28)
(-9, 2, 38)
5
(-37, -20, 19)
(7, -26, -44)
(-32, -2, 12)
(16, -4, 0)
(19, 19, 49)
3
(-37, -48, -1)
(-28, 1, -25)
(-42, -15, 26)
3
(-17, -48, -39)
(34, -41, 48)
(9, 48, -24)
7
(-46, -11, 48)
(8, 31, -42)
(-47, -4, 18)
(3, -43, 47)
(26, 22, -34)
(-43, -26, -29)
(22, -15, -34)
7
(-28, -42, 50)
(-20, -48, -32)
(13, -40, -30)
(10, -9, -12)
(-27, -8, 45)
(-9, 46, -37)
(36, 13, -5)
5
(-36, 45, 12)
(-40, 20, 46)
(5, 17, -10)
(46, -6, 16)
(-15, 50, 20)
4
(8, -38, -28)
(-33, -47, 29)
(-36, -42, 32)
(7, 9, 36)
7
(8, 4, 45)
(-5, -10, -21)
(47, -24, -3)
(-20, -28, 3)
(-18, 10, 27)
(-22, 4, -19)
(-11, 31, 46)
5
(11, -32, -32)
(-50, -38, -36)
(-25, 50, -8)
(38, -29, 17)
(44, 1, 3)
7
(30, -47, -36)
(-24, -48, -3)
(-10, -13, 27)
(-10, 7, -14)
(-12, -15, 25)
(-30, 0, 22)
(-7, 5, -32)
3
(-43, 9, -16)
(-48, 36, 26)
(28, -19, -18)
4
(-36, 28, -43)
(-10, 25, -15)
(-13, 44, -1)
(-26, -19, -22)
3
(-42, -42, -28)
(-37, 9, -50)
(22, -3, 29)
5
(3, 32, -40)
(-29, -32, 40)
(-35, 2, -31)
(36, -30, -34)
(-9, 40, -1)
3
(15, 32, -24)
(34, 18, 35)
(2, -7, 30)
6
(12, -35, -42)
(-50, 46, 16)
(-34, 8, 25)
(-38, 8, -5)
(47, 27, -43)
(-28, -7, -46)
5
(-34, 0, -30)
(-1, 8, -33)
(44, 9, 3)
(36, -36, -47)
(-49, 10, -26)
7
(31, -37, -41)
(21, 25, 13)
(34, -37, -39)
(-13, 15, -28)
(6, 0, 18)
(45, 28, 46)
(12, -15, -19)
4
(-21, -50, -31)
(4, -9, 25)
(2, 28, 19)
(-43, 21, -50)
3
(38, 24, 22)
(38, 7, -6)
(-44, 28, -16)
7
(17, 10, -40)
(34, 8, -21)
(7, 26, 23)
(14, -24, 34)
(6, -23, 49)
(34, -45, 2)
(2, 11, 39)
7
(18, 38, -35)
(49, -3, 14)
(3, 44, -40)
(-47, 23, 21)
(-11, 23, 36)
(15, 6, 1)
(26, 2, -13)
6
(-34, -17, 6)
(-12, -43, -28)
(-36, -3, 15)
(-29, 27, 39)
(8, 30, 10)
(41, 31, 38)
4
(36, 19, -12)
(17, 14, -44)
(-40, -32, 49)
(-1, 47, -37)
7
(-21, 48, 10)
(5, -44, -1)
(-26, 25, -4)
(-11, -46, 39)
(32, 29, 29)
(-40, -44, -17)
(-17, 37, 24)
6
(-10, -24, 4)
(-15, 10, 18)
(0, 15, -18)
(-26, 0, 17)
(25, 30, 36)
(-39, 8, 23)
3
(25, -35, -38)
(29, -44, 13)
(12, 25, -39)
3
(-42, 25, 16)
(-40, 9, 29)
(-18, 20, -30)
5
(-44, 9, 17)
(-35, 46, 19)
(6, 5, -34)
(-45, -33, -14)
(-13, -19, -39)
5
(-31, 19, -50)
(-28, -32, -33)
(-29, -1, 21)
(-8, 47, 49)
(-1, -1, 4)
7
(-49, -5, -46)
(-12, 30, -49)
(-10, 11, -12)
(3, 13, 31)
(19, -23, -4)
(0, -49, 16)
(39, 47, 7)
6
(41, 38, -36)
(17, -45, -46)
(-13, -28, 38)
(38, -50, 2)
(13, 33, -26)
(16, 34, -43)
5
(-24, -38, 30)
(33, -5, -22)
(-44, -16, 4)
(-45, 20, 5)
(-39, -20, 12)
5
(0, -39, -40)
(-33, -40, 5)
(19, -16, -16)
(-2, -25, 30)
(47, 45, -8)
6
(17, -25, -18)
(22, 39, 4)
(-30, -31, -23)
(20, -43, -30)
(-43, 48, -21)
(-30, -37, -25)
6
(-9, 43, 19)
(-10, -48, -22)
(10, 27, 50)
(-18, 31, 24)
(-39, 34, 25)
(5, 12, -1)
7
(24, 47, 42)
(-3, 22, 37)
(-26, -21, 49)
(24, 17, -10)
(34, 1, -45)
(34, -9, 41)
(-49, -20, -24)
6
(-24, 47, 16)
(-1, 28, 45)
(-43, 15, 14)
(-46, -48, 41)
(-42, 20, 3)
(2, 34, 45)
5
(4, -19, 10)
(40, 31, -6)
(31, -38, 50)
(40, 19, -6)
(0, 33, 29)
4
(-20, -38, -28)
(8, 25, -36)
(29, 32, -37)
(34, 13, -50)
4
(23, -1, 40)
(-8, 47, -28)
(-12, 31, 8)
(19, -8, -19)
7
(-40, -3, 30)
(17, -50, -28)
(18, -10, 19)
(18, 27, -48)
(8, 20, -27)
(23, 9, -10)
(-14, -19, -36)
5
(33, -6, -39)
(36, -43, -29)
(-12, -17, -15)
(36, 30, -37)
(22, 10, 9)
5
(20, 27, -46)
(47, 8, -23)
(-15, 37, -2)
(16, 28, 48)
(-25, 37, -7)
3
(50, 24, -10)
(0, -18, 15)
(-18, -27, -39)
4
(-34, 3, -22)
(-43, -6, -40)
(22, 47, 25)
(34, 43, -10)
5
(32, -41, 6)
(-38, 5, 16)
(-10, -15, 21)
(-47, 48, -50)
(36, 37, 27)
5
(0, 50, -7)
(-23, 46, 5)
(-8, -15, 32)
(19, 1, -46)
(42, 29, 32)
7
(17, -37, -42)
(16, -19, 21)
(45, -18, 7)
(-9, -35, 25)
(38, -10, 29)
(-13, -4, -10)
(-11, 9, 48)
6
(23, 17, 50)
(27, -2, 40)
(-43, 38, -40)
(-16, 15, -28)
(39, 20, 39)
(-42, -32, -48)
5
(3, -22, -48)
(24, 15, -33)
(36, 43, -16)
(48, 11, 7)
(-35, -25, 6)
3
(13, -25, 29)
(12, 43, -22)
(48, 10, -1)
7
(20, -18, -24)
(27, 46, -30)
(-36, -44, -12)
(17, -46, -18)
(-9, -31, -36)
(9, 49, 40)
(39, 15, -43)
6
(38, 10, 48)
(41, 4, 50)
(7, 38, -39)
(9, 24, 10)
(-1, 29, -32)
(-30, 8, -9)
6
(8, 20, -5)
(-6, 44, -32)
(-9, -5, 5)
(-13, -31, -21)
(2, 40, -24)
(31, -25, 22)
4
(-35, 49, 11)
(32, 7, -17)
(1, 10, 49)
(27, -2, 37)
4
(-12, -49, 14)
(44, -12, 25)
(-45, 34, 40)
(23, 0, 40)
3
(-5, 48, 42)
(-15, -28, -13)
(15, -16, 26)
6
(26, 43, -27)
(-42, 16, -46)
(7, -4, -1)
(30, 38, -41)
(-35, -48, 44)
(-43, 22, -10)
6
(-26, 41, 30)
(49, 30, 31)
(21, -26, -29)
(13, 28, -50)
(-37, -4, 2)
(28, -35, 16)
7
(22, 12, 35)
(-41, -38, -37)
(-1, 39, 23)
(13, 4, 5)
(-4, -44, -31)
(17, -23, -33)
(-47, 8, -15)
6
(-7, 45, 39)
(-24, 5, 3)
(21, 14, 4)
(2, -27, 12)
(-16, 49, 10)
(0, 23, 2)
5
(-11, -39, -15)
(32, 34, -9)
(46, 14, -35)
(40, 39, 26)
(-42, -7, -49)
3
(-25, -36, -41)
(24, 26, 28)
(28, 42, -7)
7
(7, -35, -41)
(21, -22, 34)
(16, -17, 0)
(28, -48, -35)
(-47, -43, -32)
(-35, -25, -8)
(-5, -20, -30)
7
(18, -2, -3)
(33, -42, -47)
(30, 0, 48)
(44, 12, 33)
(31, -35, 2)
(-47, 5, -47)
(29, 45, 16)
5
(22, 14, -42)
(49, -24, 21)
(-27, -17, 25)
(-41, -48, -34)
(-46, -16, 49)
4
(2, 3, 31)
(-22, -3, -34)
(9, 36, -37)
(44, -15, -24)
3
(15, -10, -20)
(-25, 26, 49)
(-19, -17, 14)
6
(44, -10, -2)
(50, -27, -45)
(25, 29, -43)
(42, 35, -25)
(-28, -12, -4)
(29, 27, 18)
5
(11, 19, 3)
(2, 7, -26)
(-33, 2, 26)
(11, -45, 35)
(45, 24, -4)
3
(5, -16, -3)
(36, -26, 44)
(-9, -50, -47)
3
(43, -19, -1)
(18, -49, 14)
(-20, 9, -50)
6
(34, 10, 39)
(7, 25, 44)
(20, -32, 26)
(41, 50, 31)
(-38, -27, 13)
(-6, -46, -13)
5
(28, 26, -38)
(23, 7, 7)
(26, -26, 44)
(17, 43, 47)
(11, -46, 41)
5
(-24, 5, -23)
(2, -38, -32)
(-3, 32, -41)
(-35, 9, 24)
(-40, -2, -5)
7
(2, -15, -9)
(34, -43, 49)
(-37, -38, -6)
(2, 35, -42)
(4, 28, 29)
(46, 33, -34)
(-18, 12, 15)
5
(31, -43, -30)
(-4, -22, -40)
(43, 50, -24)
(25, -34, 40)
(-3, -18, -37)
7
(40, 36, -6)
(44, 5, 35)
(3, -16, -35)
(38, -1, -45)
(-14, -30, 0)
(6, -50, 9)
(11, -35, 8)
4
(-39, -4, 46)
(23, 5, 33)
(-1, 30, 37)
(-11, -16, -24)
4
(33, -10, -21)
(4, -49, 25)
(18, -11, 25)
(13, 25, -7)
7
(-13, -27, 39)
(4, 45, -3)
(-6, 37, 50)
(-7, -17, 14)
(-5, -26, -33)
(-49, 3, 37)
(17, 19, 50)
4
(-40, -25, 34)
(17, 7, -24)
(0, 2, 30)
(-6, -15, -3)
6
(-38, 0, 34)
(-13, -5, -2)
(4, -29, 24)
(-4, 29, 46)
(-28, 29, 6)
(39, -25, 16)
7
(35, 18, -41)
(-39, 43, 38)
(33, -42, 27)
(-5, -19, -11)
(-46, -41, 8)
(31, 25, -19)
(-19, 50, 44)
6
(-33, 16, 10)
(-16, -50, -50)
(47, 47, -32)
(-5, -31, 13)
(-48, 4, -41)
(-8, 34, -39)
5
(7, -29, 36)
(-39, 28, 46)
(15, 3, -30)
(-32, -4, 40)
(10, 36, 6)
4
(-6, 44, -31)
(-34, -43, 50)
(11, -44, 50)
(-3, -37, -34)
6
(20, 4, 2)
(24, -46, -37)
(30, -11, -37)
(9, -25, 45)
(8, -30, 43)
(50, -24, 2)
4
(-31, -25, -19)
(-18, 36, 18)
(-48, 40, 43)
(-45, -9, -41)
4
(-32, 30, -47)
(13, 43, -8)
(-49, -12, 30)
(-13, 2, -14)
5
(21, 50, 45)
(-2, 25, 48)
(11, 37, -43)
(2, -28, -44)
(8, -19, -13)
5
(-29, 45, -45)
(-17, 11, -28)
(-20, 8, -47)
(-32, -16, -7)
(-50, -34, -1)
4
(17, -6, -22)
(-45, -17, 40)
(39, 7, -21)
(-23, -32, 34)
4
(41, -22, 1)
(-17, -21, -23)
(48, 50, 28)
(-41, -39, 27)
6
(15, 39, 32)
(45, -15, 10)
(-15, -39, 20)
(49, 21, -8)
(35, -24, -44)
(2, -12, -21)
3
(28, -13, 42)
(44, -5, 19)
(40, 3, 41)
6
(13, -19, -27)
(-7, 5, -4)
(6, 31, -16)
(49, -46, -23)
(18, 47, 0)
(-30, 25, -2)
7
(-32, -35, -11)
(26, 18, 43)
(10, -14, -25)
(5, 10, -12)
(11, -2, -47)
(42, -35, 17)
(-36, 33, 0)
7
(-15, -3, 17)
(27, -33, 42)
(-11, -44, 35)
(12, -1, -42)
(-35, -16, -29)
(-43, -31, 23)
(6, 20, -21)
3
(-38, -37, -47)
(-33, 10, 44)
(7, -36, -19)
4
(8, -9, 33)
(-49, -40, 28)
(-24, -45, -4)
(14, 43, -44)
3
(2, 30, 12)
(32, -19, -36)
(29, -5, 20)
5
(-32, -10, 45)
(-16, 43, 42)
(-36, 20, 36)
(18, -44, 31)
(34, -3, 27)
4
(-29, 23, -2)
(-33, -23, 48)
(5, -48, -13)
(-16, -39, -34)
6
(-19, 27, -28)
(47, -6, -16)
(-2, -8, 6)
(26, 3, 16)
(1, 42, 44)
(-26, 26, -25)
7
(-15, 50, 30)
(11, 10, -15)
(-22, -19, 49)
(45, -14, 7)
(-9, 17, 37)
(-22, -25, 6)
(-13, 35, -27)
7
(41, 21, -50)
(-38, -44, 11)
(19, 26, 39)
(-20, -3, -22)
(-5, 4, -21)
(-48, -26, 25)
(13, 37, -10)
4
(-29, 36, -19)
(-31, -43, 47)
(25, -42, -35)
(-41, 32, 21)
6
(-16, -13, 36)
(17, -35, 0)
(-50, 30, -14)
(41, -31, 9)
(-12, 28, -22)
(46, 49, -13)
4
(21, 23, -48)
(7, 44, -30)
(21, -24, -44)
(1, -15, 11)
7
(33, -32, 24)
(-2, 2, 40)
(-36, -38, -33)
(49, -2, -15)
(5, 15, -33)
(-18, -15, -25)
(50, -24, -17)
5
(31, -13, 38)
(-24, -26, -38)
(39, 33, -22)
(4, -35, 19)
(-19, 8, -47)
4
(-15, -25, -17)
(-36, 15, -50)
(-22, -26, -4)
(-44, -14, -45)
5
(-24, -45, 13)
(-13, 11, 17)
(47, -5, -30)
(-19, -38, 13)
(33, 25, 43)
3
(-24, -38, -37)
(-33, -2, -49)
(-49, 28, 42)
6
(49, 13, -3)
(1, -38, 35)
(-17, 3, 18)
(3, -5, 16)
(-20, 31, -13)
(24, 6, -25)
5
(-6, 36, 39)
(35, -3, 32)
(-37, 17, 47)
(-26, -18, -9)
(30, 26, 22)
6
(-23, -7, 7)
(-1, -46, -29)
(30, 31, -46)
(-48, -39, -14)
(32, -34, -4)
(24, -26, 36)
6
(-12, -16, 28)
(46, 43, -41)
(-45, 20, -32)
(21, -41, -18)
(-30, 20, 41)
(14, 39, -26)
6
(48, -36, 41)
(-16, 50, 46)
(-17, 22, -50)
(43, -17, -4)
(14, 29, 35)
(37, -12, 6)
7
(49, 21, -43)
(44, -16, -48)
(-7, -1, 37)
(-4, -27, 32)
(4, -27, -23)
(19, 32, 21)
(43, -27, -44)
7
(36, -35, 50)
(36, -5, 16)
(-43, 15, -43)
(45, -12, 19)
(-36, -3, -28)
(14, 30, 48)
(15, 13, 12)
6
(29, -22, 11)
(27, -21, 28)
(24, -40, 29)
(12, -22, 46)
(15, -18, -43)
(-26, -6, 34)
6
(0, -6, 29)
(6, 30, 26)
(16, -10, -50)
(28, 38, 4)
(-25, 41, -4)
(39, -18, 29)
3
(-16, 29, 20)
(0, -43, 43)
(48, -30, -33)
7
(29, 18, -28)
(-17, -4, 42)
(8, 44, 30)
(39, 4, -47)
(-30, 40, 50)
(24, 18, 5)
(-2, -23, 28)
3
(-40, -29, 6)
(6, -19, -24)
(-23, 13, -32)
7
(0, -46, 47)
(-31, -20, 33)
(-18, -36, -46)
(-22, 19, 36)
(-45, 18, 36)
(37, -31, 26)
(-1, -36, 28)
7
(14, -25, 47)
(-17, 5, -42)
(-38, 8, 50)
(-35, 17, -4)
(-44, 12, 15)
(16, -30, -35)
(-6, -7, 30)
5
(4, -40, -48)
(-32, -13, 29)
(-35, 6, -19)
(9, 47, -14)
(-22, 31, -46)
7
(6, -7, 26)
(39, -14, 11)
(-17, -5, 0)
(18, -28, 42)
(-45, 11, -21)
(4, -8, 42)
(-49, -6, 9)
3
(-15, 37, 14)
(-19, 50, 48)
(34, 45, -47)
4
(-40, 8, -9)
(-10, -16, 15)
(50, -3, 41)
(29, 34, 49)
3
(-6, 37, -33)
(13, 46, -36)
(37, 22, 10)
4
(-43, -5, -40)
(9, 37, 38)
(-50, 13, 33)
(7, 35, 20)
5
(6, -35, -2)
(-45, -14, -33)
(-36, -24, 30)
(20, 1, 21)
(-20, 25, -4)
4
(-30, 15, 25)
(19, -45, 31)
(-43, 5, -5)
(18, -39, -19)
6
(-30, -33, -5)
(3, -7, 25)
(-10, -32, -39)
(-45, 28, 45)
(-33, 47, 3)
(2, 34, 25)
3
(31, 38, 31)
(-8, 26, -25)
(33, -41, -40)
3
(36, -13, -19)
(23, -29, -43)
(-6, 12, 41)
7
(20, 22, -8)
(25, -43, -28)
(-10, -26, 15)
(8, -25, 26)
(48, -3, -6)
(-9, 12, 38)
(0, 6, -36)
3
(-17, 43, -9)
(48, -21, 17)
(24, 20, -19)
6
(-45, -12, -12)
(47, 32, 31)
(12, 12, 30)
(-38, -46, 16)
(14, -39, 25)
(21, 44, 11)
7
(32, 38, -9)
(-14, -15, -37)
(46, 34, 48)
(-46, 26, 10)
(-48, -25, 38)
(-3, 37, 6)
(-41, 1, -38)
5
(-46, -24, 20)
(-8, -40, -18)
(-16, 37, 31)
(-26, 38, -2)
(-16, 20, -48)
3
(-1, -44, 14)
(-11, 45, 19)
(26, -16, -16)
4
(-46, -2, 26)
(-7, -46, -45)
(-33, -36, -18)
(10, 36, -24)
7
(10, -21, -42)
(-9, 40, -30)
(-3, -24, 5)
(24, -2, 29)
(-47, -4, 4)
(-50, -49, -42)
(16, -5, 45)
4
(-30, -3, 36)
(-5, -26, -15)
(42, 13, -42)
(27, -1, 27)
7
(-34, 3, 44)
(-35, 18, 5)
(-10, -40, -19)
(40, -13, 11)
(-44, -11, 4)
(20, -41, -38)
(11, 32, 4)
5
(-13, -8, -21)
(15, -31, -24)
(29, 0, -36)
(20, -23, -2)
(-2, -4, -47)
3
(-1, 40, 1)
(-14, -42, 8)
(-3, -10, 15)
5
(-37, 8, -47)
(38, 26, 8)
(-26, -1, -11)
(-3, -37, -3)
(-12, 43, 43)
7
(20, 1, -43)
(-26, 1, 9)
(-21, 26, -15)
(38, 36, -30)
(-22, -36, -35)
(20, -2, 38)
(-33, 23, -17)
5
(2, -48, -8)
(-23, -46, -41)
(-25, -4, 8)
(2, -17, 35)
(28, 42, 37)
3
(-7, -5, -27)
(44, 45, -37)
(47, -21, -17)
4
(45, 24, -42)
(-25, -30, -7)
(-26, 10, 28)
(-2, 21, -31)
3
(15, -22, 23)
(-27, 42, -27)
(-18, 39, -37)
6
(39, -48, -11)
(3, -38, -1)
(-34, 46, 6)
(-3, 0, 5)
(-35, -47, 15)
(-44, 38, -34)
6
(-8, 31, -29)
(33, 49, -43)
(33, 2, -40)
(-44, 29, 37)
(33, 30, 25)
(-48, 17, 15)
5
(-20, 17, 43)
(-44, -18, -12)
(-38, 18, -43)
(-28, 10, 5)
(29, -12, -50)
5
(30, 46, -37)
(45, -8, 37)
(-26, -26, -24)
(49, 11, -37)
(-43, -45, 49)
5
(-28, 42, 16)
(22, 50, 1)
(-28, 40, -38)
(-34, -20, -19)
(-45, -9, 23)
7
(-35, -29, 12)
(16, -11, -17)
(-1, -11, -42)
(-46, -38, -4)
(22, -26, -43)
(-18, -13, -16)
(43, -49, 2)
7
(5, -21, -42)
(5, -25, 50)
(-8, -18, 45)
(-31, -15, -23)
(-49, 5, 12)
(49, -44, 49)
(-42, -18, -11)
3
(-3, 21, -42)
(28, 49, 50)
(-3, 43, -21)
5
(33, 44, 5)
(50, -38, -16)
(23, -44, 24)
(19, -39, 17)
(48, 33, 23)
6
(9, 7, -32)
(38, -50, 46)
(-14, 50, -27)
(27, -5, 17)
(-44, -9, -46)
(-40, -30, 4)
4
(33, -49, -25)
(2, 34, -11)
(27, -45, -8)
(33, 16, 47)
7
(10, 19, 12)
(-23, -50, -19)
(12, 45, 14)
(32, -12, 13)
(-16, -37, -29)
(24, 20, 44)
(5, -36, 22)
6
(43, 9, -32)
(23, -7, 40)
(44, -50, 13)
(-4, -23, 48)
(23, -44, 7)
(-50, -7, 8)
4
(-49, -42, 43)
(-39, 37, 20)
(40, 7, 42)
(-33, -30, -28)
7
(12, 46, 49)
(35, 33, -9)
(21, -48, -23)
(31, 43, -30)
(17, -35, 13)
(-7, -23, -26)
(-27, 46, 31)
5
(23, -34, 40)
(11, -37, 3)
(-19, 41, 41)
(25, 8, 35)
(50, -38, 22)
6
(8, -36, 19)
(-49, 47, 4)
(4, 45, 39)
(6, -46, -26)
(-46, -18, -15)
(22, 38, -30)
7
(-24, 0, 38)
(48, 43, -43)
(18, -7, -41)
(20, -17, -32)
(-15, -17, -7)
(-26, 20, 47)
(18, 50, 31)
4
(33, 22, -32)
(15, 34, 44)
(18, 12, -37)
(0, -23, -9)
7
(42, 30, 39)
(-32, 41, 20)
(-35, -40, 25)
(7, -11, 40)
(-40, -10, 37)
(45, -35, -16)
(23, 21, 5)
5
(2, -1, 1)
(-48, -21, 27)
(-13, -14, -42)
(39, -46, -6)
(23, -26, -17)
3
(49, 50, 45)
(-31, 41, 25)
(3, -12, -14)
4
(-20, -4, 37)
(-22, -41, 0)
(38, -14, -49)
(-42, -11, -3)
5
(44, -37, 16)
(-25, -6, 44)
(33, 45, -24)
(-40, 45, -32)
(28, -28, 2)
7
(25, 30, -5)
(40, -16, -32)
(-37, -23, -16)
(-7, 22, 48)
(7, -15, -2)
(-35, -23, 24)
(28, 21, 34)
6
(-24, 22, -34)
(-43, 5, 38)
(22, -44, -27)
(-31, 24, -29)
(-26, 33, 43)
(4, 20, -27)
3
(0, -18, 15)
(26, 48, 40)
(-39, 31, -26)
3
(17, 37, -25)
(-32, 45, 6)
(31, -4, -28)
5
(13, -28, 16)
(7, 19, 17)
(-40, -34, 36)
(-27, -30, 28)
(44, -7, 30)
7
(29, 30, 6)
(-19, -29, 44)
(-22, 21, -45)
(0, -13, -34)
(19, 13, 15)
(44, -40, -32)
(-2, 27, -24)
7
(-4, 40, -19)
(-31, -41, 4)
(-12, -8, -48)
(-9, 0, 40)
(-12, 18, 8)
(2, -1, 36)
(35, -12, -35)
6
(-24, -23, 45)
(18, 35, -3)
(-1, 43, 40)
(45, -39, -32)
(23, -22, -21)
(-49, 38, 11)
4
(42, -37, 2)
(24, 12, -20)
(20, 38, 46)
(-44, -36, -9)
6
(41, 39, 1)
(-45, 23, 10)
(36, 19, 19)
(21, 3, -18)
(8, 38, -13)
(-45, -16, -16)
4
(9, 50, 39)
(-28, -18, -23)
(-1, -21, -12)
(-39, 25, 4)
3
(-17, 37, 20)
(23, 41, -9)
(15, -38, 4)
4
(29, 40, 33)
(-28, -43, -39)
(49, -44, -2)
(-46, -38, 24)
4
(-17, -30, -16)
(-34, -10, 36)
(42, -33, -36)
(-31, -31, 38)
